&input
  filelph = 'nb.dyn'
  mustar = 0.20
  DOStetra = 1.487d0   ! DOS obtained by tetrahedron method
/
29
   0.0000000   0.0000000   0.0000000  0.0039062
   0.0000000  -0.1250000   0.1250000  0.0468750
   0.0000000  -0.2500000   0.2500000  0.0468750
   0.0000000  -0.3750000   0.3750000  0.0468750
   0.0000000   0.5000000  -0.5000000  0.0234375
  -0.1250000  -0.1250000   0.2500000  0.0937500
  -0.1250000  -0.2500000   0.3750000  0.1875000
  -0.1250000   0.6250000  -0.5000000  0.1875000
  -0.2500000   0.7500000  -0.5000000  0.0937500
  -0.2500000   0.6250000  -0.3750000  0.0937500
   0.0000000   0.0000000   0.2500000  0.0234375
   0.0000000  -0.1250000   0.3750000  0.0937500
   0.0000000  -0.2500000   0.5000000  0.0937500
   0.0000000   0.6250000  -0.3750000  0.0468750
  -0.1250000  -0.1250000   0.5000000  0.0937500
  -0.1250000   0.7500000  -0.3750000  0.1875000
  -0.2500000   0.2500000   0.2500000  0.0312500
  -0.2500000   0.7500000  -0.2500000  0.0312500
   0.6250000  -0.6250000   0.2500000  0.0937500
   0.5000000  -0.5000000   0.2500000  0.0468750
   0.5000000  -0.6250000   0.3750000  0.0937500
   0.0000000   0.0000000   0.5000000  0.0234375
   0.0000000  -0.1250000   0.6250000  0.0937500
   0.0000000   0.7500000  -0.2500000  0.0468750
  -0.1250000   0.8750000  -0.2500000  0.0937500
   0.5000000  -0.5000000   0.5000000  0.0078125
   0.0000000   0.0000000   0.7500000  0.0234375
   0.0000000   0.8750000  -0.1250000  0.0468750
   0.0000000   0.0000000  -1.0000000  0.0039062
